nledd =   2000  na =  1000
dx =       2.00000000  dy =       2.00000000
dx =       2.00000000  dy =       2.00000000
depth =       5.00000000  bl =      25.00000000
ds =       0.05000000
nx =     13  ny =    13
n =    150  m =   150  ndat =      1
rs =       1.00096375  sum =       6.24398237
