iser =      2
dispv =     1.000000   ahyd =    -2.000000     abr =     1.000000
disp =   1.0
 carrier =  F
a =         0.100000    l =        37.374687   lambda =        60.571171
flatl =    30.285585      heln =     0.176327    glatt =     0.250000
n =    80   da =       0.47012186E+00    dt =       0.41872364E+00
ntot =     90    nper =      9    iit =      5
ipstart =      1    ipstop =     90
 fforyk =  T
ear =  0.0  skf =  0.0
ilikn =     1  ilump =    0  iclamp =     0
ldamp =     0.0000E+00   rdamp =     0.0000E+00
brygren =    -0.9500E+00
bbd1 =     0.0000E+00   bbd2 =     0.0000E+00    bbd3 =     0.0000E+00
qval =     0.0000E+00   igdiff =     0
urfile = 
ngauge =     1
R1 =   0.36638746E+01
YR1 =  -0.36638737E+00
SPR1 =  -0.20695868E+01 -0.20778868E+01 -0.20659301E+01
KR1 =   0.36640201E+01
TR1 =   0.27179245E+02
B1 =  -0.17697681E+01
YB1 =   0.17697686E+00
SPB1 =   0.95500505E+00  0.10036855E+01  0.79603082E+00
KB1 =  -0.17914988E+01
TB1 =   0.34205498E+02
nprint =     10
